0.003360
0.002905
0.001706
0.001312
0.004600
0.001604
0.010012
0.006552
0.005468
0.003275
0.002937
0.000972
0.001192
0.000834
0.000477
0.000385
0.002009
0.000337
0.000339
0.001994
0.001818
0.000558
0.000537
0.002787
0.000762
0.004211
0.001816
0.000212
0.000366
0.002772
0.001172
0.000571
0.002174
0.001243
0.000193
0.000416
0.000375
0.000434
0.000433
0.001052
0.001165
0.006422
0.004755
0.004972
0.005561
0.006067
0.004407
0.001265
0.007389
0.009190
0.005784
0.001502
0.000493
0.000493
0.000613
0.001514
